1000
1057740
946347
334586
723224
547317
639094
782783
385897
716131
130215
756691
515845
836185
404737
741040
447280
1083812
150852
1089771
870311
1004228
645805
341444
1002371
565900
310022
225154
673208
630191
893032
591829
607679
443913
247015
1019712
1194646
457760
599984
964775
380739
620652
779407
671847
403402
791611
511461
414362
935925
181460
470827
1247399
322875
130533
1127373
271468
416262
1083496
913847
142256
697678
1198664
167843
841203
1260300
115415
451316
579059
83212
893314
61996
406512
61918
237074
227628
111720
482447
1014169
1225651
178209
94924
894234
206422
1269025
83239
654540
273836
165334
359208
1263803
1263481
422931
645012
923967
218782
846170
1280289
1164720
410204
1122683
1067866
126103
799252
477116
1120379
208680
1255259
609134
682364
244702
688205
692321
1197740
1092804
430165
778662
1203023
136790
83158
345122
1045419
221811
919671
569086
1001472
929928
734935
753900
1274123
1266350
1040262
790382
350336
811843
432482
1069329
1124823
697198
37418
325337
1140253
249646
338665
1138487
132813
1187996
128923
1202342
665875
388431
266270
162160
540904
245709
761139
659191
1266685
1097116
151407
697503
236795
31282
1158413
208783
518746
464936
1286027
993588
170737
1212595
192831
203790
620347
1227268
758381
1166240
1097300
83397
1004735
189135
391880
188522
314800
111491
564931
1261462
1253685
1238143
140500
427227
722809
237076
1117683
1024206
812369
1172530
835890
1268126
397833
718676
904741
928678
1119954
437335
1260079
1006624
1023473
419611
64431
113916
520539
211129
1129090
470287
904051
257095
234038
1001312
368588
611648
691127
1212862
80932
34249
682693
749163
1142340
1171423
1159692
437662
1246528
782090
138079
112890
317228
665141
303349
1170244
536381
398076
1083968
624958
526600
145917
270098
889259
531773
1041666
244395
989562
417797
1189792
636825
125180
347601
529457
616086
1282838
962176
336242
684634
488680
1199314
711314
542866
771907
118447
680426
633721
1025176
997433
478120
356271
273425
850086
950002
697491
322539
558281
1287570
1133236
1282047
354915
57515
258223
975014
626057
48585
1120317
105791
471993
810081
809067
848492
375410
970690
1112013
313811
1000495
316217
461329
1000360
1135213
343140
511427
631946
103592
614080
782381
1185825
402358
241935
1202333
281141
450813
1243630
1032472
1038152
433389
990176
75321
777213
332179
582267
459573
869649
237720
251160
471473
55646
47930
935795
99498
896071
680420
912221
1287863
684272
368140
1160083
667900
995468
786332
57268
38592
1260560
268528
309128
484084
977768
481505
1207867
1064323
241962
990630
508029
709257
47220
438510
1217769
1162497
1189937
31922
845099
507036
681419
166807
900938
800350
684116
271846
405768
255348
712418
1211074
445975
866905
49162
173418
617945
617626
766918
165009
1055999
766673
86788
967883
798782
583089
657804
457237
911769
1288128
834184
396448
986322
310451
1010447
519936
1123215
1147513
979298
40684
322802
1090072
67082
752338
296503
1197725
624989
216747
1009190
608833
950547
721967
835901
809395
213176
688964
97938
887175
636447
146078
34634
747559
1291521
518409
516748
133369
413890
1050420
351072
516112
957156
1118826
602607
1169359
298451
1096595
617521
791249
878517
529528
829657
801703
897356
499194
1205334
343804
955246
721387
889526
54864
91816
868046
42974
1272772
960631
467187
833113
640650
269754
215194
273483
1017439
751345
597381
277881
352234
525658
814500
1039364
280255
979405
938700
1239546
734449
857050
52600
125134
116698
967982
832040
894274
79172
1252985
1116501
1206655
79321
858141
1162038
1191422
131016
841294
655658
1095284
392441
529910
180539
797739
137349
263823
1116037
711786
71257
1013115
1087696
804975
536648
441789
974235
250334
1060544
895060
1107628
782422
211825
288365
523336
1140434
568994
460928
758910
621874
1260466
718151
531254
626930
102659
1274741
1246203
32235
72784
350795
252646
555059
1120848
548852
118267
1069582
1221781
296724
885905
209114
1112566
480507
134634
678137
748613
672364
888560
472713
400730
1188717
1035330
1033570
766796
1030775
1176206
436281
270110
426214
33800
305072
969811
335782
897764
401073
947759
831072
327778
364442
730945
546903
1172103
437765
170681
806249
1240685
192597
579211
1084387
534635
487382
33843
1130301
674494
934121
446019
845601
45827
1219689
754934
713357
1028767
1131111
1202687
804983
654124
379966
196624
1244905
881447
99672
691546
723047
1109078
787615
33972
61529
1033023
1042602
623718
341219
746131
421453
936699
742437
81546
851219
1180525
276338
551655
544681
159822
885054
522464
600560
1082430
723007
1009043
176957
187239
982560
793545
212184
263890
801951
1099303
604261
1100654
1265841
107089
673939
593458
161986
190007
655150
276373
710194
190823
198876
439132
811243
534609
1225883
582633
66993
842032
1259705
1146396
239557
208859
208207
415308
503855
250494
216863
476021
91852
98164
776166
790156
522196
905485
164403
934159
924513
767505
829967
321598
443882
545479
111940
806298
1184748
116342
1274901
789493
1183374
238499
508303
336176
611698
1123527
101216
795214
1194020
375974
278241
72757
1167858
611927
686205
240744
665648
599410
1245270
860116
987974
1006455
1193728
1186474
519619
610264
654852
707974
1241385
675139
393233
1045869
504541
1134397
733539
263060
613321
1144053
628378
257750
125200
30519
919295
1023191
1102761
884220
62149
1213204
274115
858755
86550
162054
1053244
709111
922764
931591
764508
922338
1069088
278164
199514
516070
739157
970505
301350
115498
502799
735924
748471
615970
1058779
442052
795245
860967
650953
851962
1064231
123364
722054
456362
894664
158151
1032879
1268140
747577
370833
463474
1036144
575246
119359
744871
852116
241892
665073
283708
1251259
1099383
972499
324975
1112564
795567
448043
315315
1102702
800606
406348
1128732
501373
264571
248441
393141
596518
797972
783847
1174913
983247
724605
549729
197307
831147
967214
695613
728950
1166515
79741
1145964
144346
923795
794005
1162471
108197
797597
339603
212869
641806
434947
126317
1249714
1075938
1205114
707491
796414
344942
180436
246074
1092619
303546
952485
321043
433447
974702
1113642
1287637
739543
927290
451983
1023462
238986
572277
611954
123327
402428
812610
307701
695467
46417
803891
204669
817703
254229
274014
1124561
1191366
897564
632244
858554
430678
1289566
749635
57527
552633
695193
972435
884182
324674
309111
207755
118865
273346
820346
1147018
413170
415708
110507
75446
565603
48807
109894
161664
342974
473712
723468
291623
97339
1229073
1202189
86197
1253712
696504
367712
328271
633289
780501
152117
116239
1077479
794489
314641
471393
289022
1180644
1249572
878543
199676
515372
1201416
304851
963150
676282
1134464
373716
885535
987863
219672
1046735
463900
801057
263667
865448
702266
513017
920844
90963
816978
503255
1013792
474658
183724
230763
1063621
93933
441132
744707
1259398
945145
386508
216696
349504
108390
909214
845511
377852
507677
204168
334508
1004680
281373
766353
1084320
114950
453048
1148128
963795
515766
1020189
151837
465157
438492
248164
547634
881765
404733
49794
158085
1172228
453680
1290392
299424
1078359
1028064
378123
410805
277906
56425
419781
1199472
307059
1168177
739581
551836
1278768
1258818
347728
1003736
949725
1273873
1033596
955009
88085
97828
63431
32075
