10000
364111
1098616
147124
1070348
690816
786403
844427
1061298
487217
907823
163003
936587
247323
78492
843241
1053246
756159
1224478
206110
688323
228656
550106
338763
780963
1077104
864861
463851
976789
1119965
451248
893211
506794
176746
1039345
560123
304039
1217056
1066747
561641
471443
1061622
518889
719676
1158642
1060588
995984
674103
930247
1233413
870275
136757
271490
557294
463253
184455
132820
80521
91210
61508
1215213
728752
424148
949111
660049
915091
805414
773977
669425
229770
1167672
970496
173197
376311
176878
667700
571416
448522
577622
946319
1258236
43243
473749
661590
1084357
261616
859078
874543
1092997
207177
859083
978740
410745
817959
1040628
855090
336159
408960
53443
304826
92378
76742
411674
421020
315912
48282
1210540
224639
78813
350285
360222
1151377
129101
1047014
900838
1276300
665273
678643
76844
86841
615510
1143489
968791
1195628
989902
427448
1160427
1237369
412939
1186023
1136623
719238
201931
582422
980858
1032543
338481
464329
803483
1129186
145566
725017
919469
307253
585666
590808
236181
30996
998069
604959
1037957
977962
608440
593393
1101535
182566
728343
267726
488164
284387
730697
749893
931580
1064811
779901
559119
1186638
395499
126155
463639
529459
1055212
1056675
74731
1141182
1192411
795301
301754
555343
243941
887738
835834
385919
682560
867832
1000216
586037
1227502
77682
914410
1253450
298319
514469
363072
358609
61062
34165
608537
1089099
872397
1131129
372982
378410
1010372
1229442
765722
801183
655378
722344
427284
1042617
423863
1088081
1293446
362087
322457
312384
1061390
221206
920153
906030
859322
901832
70698
1124257
772878
398818
1215287
53960
448771
384827
258914
515923
1101327
542299
117841
431022
916211
870825
264621
893120
802219
478424
747733
176409
401247
174508
1116376
269031
353544
912983
1063796
775848
1196351
656242
343160
419640
321783
1004840
832808
396865
1216197
797660
446983
199017
1205523
436479
1282821
520317
714264
869172
1286374
797588
50757
269016
1071478
413498
48970
1124525
585628
731260
444571
690704
1180537
1231414
532205
662978
84267
354135
283359
654561
718289
139548
972177
348331
1031257
775008
1005200
790423
784346
897980
205855
1120625
776675
989671
228461
109040
696359
980807
632028
329932
788688
1258966
895840
853952
303931
897936
995624
1112308
331225
714356
448273
722112
879279
848248
1145101
664877
1197789
177022
418512
345942
835572
496202
611453
1229404
771162
272477
192837
1240753
393949
637284
939807
796556
971488
974318
75738
515005
779016
351809
1013652
984034
733978
744794
1282190
948166
1027098
761270
1009187
1003883
1142400
249751
741451
792807
989352
738580
42335
743406
595566
517647
1116094
811968
100905
578896
767722
403998
712479
1099380
319016
1013516
552058
831213
984639
1182924
1036161
95020
709394
997504
337583
704924
1124279
1024885
466681
1290599
1065823
314030
428591
1032357
328021
498613
1041380
1100015
902580
532828
318417
1000121
632718
308051
711673
767986
117456
260919
821430
785233
923733
923429
816042
648794
1278310
949382
99397
303639
1213046
649097
970227
1219708
1268841
624644
163654
524228
924957
947421
1168523
790309
660352
169349
1193205
310114
50360
619036
104443
1113083
514821
767071
820153
409431
191409
654705
228878
759950
133170
481882
1252391
931569
510497
133452
812218
1239854
559213
1123402
1138657
1190482
1220241
551237
799257
781220
995255
469273
751442
222595
359278
432879
874972
352454
1198571
328780
339565
826229
1240787
724277
756880
303450
1275198
1276686
1128982
1146204
787195
385288
777296
973255
1023317
1031005
622644
203087
39196
1228948
366939
849329
463256
1047294
1150319
498878
1115254
906381
608787
1047951
988016
512115
337052
563473
1163208
584175
1050792
723870
469935
233698
1117982
1227379
766950
71907
464702
88240
679395
1290620
101830
1057954
1221475
1257691
282107
372358
619424
912383
502101
1048089
1296788
1292624
141044
567016
1159474
1128972
68373
735881
443468
702018
1228881
1048613
592352
844573
1271640
1254818
309968
942948
759948
91105
157702
396858
1296726
662824
1249039
397556
1111223
982715
1178865
128400
864079
646850
1260093
787293
1203465
1073593
1297637
71551
452321
1262692
820705
500223
1261664
592688
271789
349567
704492
708459
64602
51773
517385
473476
649547
1027500
804235
141904
898771
1270534
255144
583971
1208637
570927
883194
388102
967739
1080587
533312
885671
435897
1120681
502142
1060367
567197
710379
722298
784519
714897
397427
1231955
1113623
372379
1179446
581811
104859
757291
1185404
804638
967752
833270
367524
165910
521678
1245328
1115215
532420
945255
148679
184377
474953
1288077
1235065
794197
1296690
826960
374772
133567
1285989
1020713
62545
542951
114631
225047
155985
633807
964461
299175
645618
870992
701594
591831
933650
445471
275208
395164
1283615
68621
45527
365913
817804
318663
1067572
269527
312986
1213318
617030
1050202
221096
889992
925905
1136423
794083
661276
1018224
245550
706178
135274
454113
375832
718121
143195
1105069
776691
784886
506249
1077454
1031703
746993
483942
217938
606159
649048
69573
741346
319483
398443
651023
944514
632915
845730
190407
49653
1186406
1170335
1263762
285255
1057477
473609
163610
863243
591088
276683
275077
1007071
752469
445333
36537
550428
181666
452761
1127226
980097
763096
226060
254490
89778
433176
98113
856254
64094
373898
405639
191210
338127
45593
465696
558852
1230231
573109
1072186
813160
166246
720245
778120
409463
648776
887173
482491
746635
1020316
274098
1001564
926708
280420
1235773
618178
144592
280487
1119919
55636
296429
725408
766768
783084
686775
1253381
914704
234620
316280
817021
505910
162560
851649
571397
967538
1064060
905759
1163741
71301
934894
1156338
266675
745007
973361
66002
1187270
582199
1128087
831039
468021
1290240
1133971
667298
1110845
1145808
396434
517831
980415
794930
1285674
114501
851226
72042
149550
867027
316840
501199
822001
36341
67273
900150
68507
1254322
251606
326297
563398
764513
816166
852793
681090
1261840
1237742
1091956
945712
729802
1255723
945861
1089671
1043172
998411
1189843
1241734
215392
708886
331409
389896
807881
1054011
114471
43075
178276
245375
1214588
1037297
130035
1094717
857636
1265243
539915
528198
804033
517378
203006
210860
258980
928454
647542
1089159
775097
254808
936976
411531
940719
419700
1271962
1226471
180920
83313
694047
753354
1015066
147519
438945
1172014
531265
859822
397346
324456
952436
1223394
1278297
405626
392682
592625
149965
1175113
749497
388749
793643
457031
308337
50626
455981
83093
166480
110699
667663
676793
924902
1146478
712760
1015504
259258
1194894
524609
1174010
149756
1056525
158528
587429
693086
602960
1015938
1028684
895660
211169
917383
1142451
118402
34600
332564
271950
1110657
370829
879663
213857
1099443
855462
488511
1252492
397944
1186173
498919
470424
748134
1063526
1026803
446005
582623
74787
1090220
163631
342458
969344
522872
1135658
856992
163605
875549
1004331
1137369
96556
858275
954886
195674
936340
946996
493254
799587
564095
696804
845233
832934
73209
340883
482231
176505
485142
504053
1193672
634587
1200767
171677
1269894
402282
752383
570275
697868
272369
294997
778651
552069
543092
845583
578461
168146
1000628
490735
109707
44743
1172691
1219518
215681
588562
107608
337457
828643
1280224
1070066
64805
977078
240066
858959
900947
728701
515543
1119970
752888
507225
582268
248617
941417
615923
232608
383157
1245420
294650
451978
987457
1096315
1146029
1038017
354805
486804
1171383
852776
935870
101901
1007097
449078
340878
301270
587570
576967
1080582
94398
380284
1081714
978383
917775
1277825
1190901
828815
413413
148589
1113922
200302
89753
758163
384247
910885
1032894
239406
451839
394725
1236408
550252
428889
860223
157823
491911
505697
1163696
609584
1020463
1233250
724508
104964
488762
137223
896024
844981
1159215
1145808
378188
283240
353804
1023007
773875
1095622
1008289
70051
42721
857441
1025329
869189
464971
63515
165401
1026787
578538
70526
794832
614995
774106
463682
1209350
215871
302915
1224147
874430
430046
1060153
409579
454290
1212744
454136
331616
670276
110033
569899
124226
610188
138326
451204
606431
121370
1061292
498378
108672
228119
778993
603897
1032913
312898
1026249
587503
723179
599943
602237
1244075
401540
580171
925363
578170
45555
740975
84695
756384
417820
960874
1227038
554638
525384
511113
658165
1172008
652756
1089045
347859
35589
33015
239153
627978
893324
238971
749482
148825
1004443
818206
692347
495169
831080
1052263
1152303
1107028
274085
620516
1256616
1137901
617780
987355
634961
682773
836335
625466
918101
704523
1132766
105989
319099
614270
443807
1032812
560395
1165169
1282871
329451
107499
575867
706182
1286480
1253538
841008
156966
930198
1120994
269959
771303
602149
564597
887672
383050
41422
1129683
217971
590447
1241370
950277
1213414
1211424
1268520
518829
691048
70581
910362
404695
445885
868095
197451
961843
919740
390948
986460
982568
1184436
1015686
1133667
931683
969651
1268537
48046
524125
286939
1091899
1129196
911174
378726
677408
1143629
1134379
338240
1203554
997422
1064142
562014
1181239
1280283
228040
777717
114600
161846
1016365
669573
576260
668618
201866
1202741
1047077
1237130
999765
1112594
253559
654674
830472
1270462
378748
336668
486265
574628
477796
1203598
407061
948215
349800
646122
852330
1179079
538532
562155
99639
980705
996141
1075193
210091
1234039
120014
304958
79713
638328
288128
1107710
445841
1156219
770740
193835
146022
389591
420103
757663
814534
1156544
437640
475869
122592
857484
744457
195705
351344
789419
970709
372690
1078940
689214
54948
497088
179941
742745
501773
1066434
1288176
106756
1287804
403180
434889
1257144
588147
574800
1206114
59005
190932
139677
212804
359580
893519
1052799
1246688
100260
987872
1158187
821727
1191461
797455
985993
985774
197573
1117036
317870
958546
1014609
1140411
140796
1254613
1271499
1012498
1208903
135783
439367
536269
1089148
309378
295948
1126718
630353
641746
357441
169757
692097
1162464
530997
516074
1113350
195034
79111
82081
385514
319819
477188
572325
1074288
188569
400712
434568
182248
1096670
135530
357025
1264495
214303
1038819
462393
251923
713312
1281228
464312
1103800
401216
561961
385420
830652
826232
792531
700318
651453
359070
193065
1038105
604329
1001666
271553
935605
661179
524528
1032616
576872
347611
726722
900085
1284055
313354
531257
405456
1096809
995081
467823
558801
880636
384272
847482
386203
487090
749258
935196
508836
1119707
855595
763506
46010
1081426
1184489
626254
240988
254075
972941
802632
1064717
1103340
430177
835679
256313
155167
323657
243465
1198032
890547
855490
784236
1233208
1196048
653613
789190
506652
411882
207903
347373
814222
663964
401901
452102
449036
583636
1069257
1002473
764853
1257887
683385
654199
228159
768297
726155
1106448
77597
440366
310475
258104
134442
776683
667194
624428
1187767
1011641
1083884
353479
536796
1190158
491765
765167
225180
812972
149584
259876
936293
504184
1232261
1039261
707608
255302
771270
845373
714872
112735
1292932
578933
755418
1299201
93272
734044
1244537
1061641
259973
43264
958009
469263
543754
804532
720024
1151953
875580
53331
944121
216678
294486
1038398
422153
364105
147341
673522
618658
1203036
824001
374309
700983
752100
45579
456008
289347
812514
100615
144158
1140461
367692
930631
87247
208482
805241
1042253
38356
474123
1263967
465022
358412
44231
517857
196620
599943
155109
68611
771627
750633
935615
492524
1171344
108371
678842
1195339
757362
397751
1130826
1139514
868084
425055
1027933
939570
390145
846243
1170660
555089
844112
716096
640314
1263539
184302
1140633
1246218
230890
101408
270209
1184381
272984
1215169
240890
69589
1036141
437097
1167053
1283852
1253605
106731
450353
185183
385461
1299485
547577
1196592
1026407
91818
223604
155966
1265836
934417
103567
622795
811657
332919
1097463
887918
215574
932534
1093802
262612
1215799
117510
662466
1287831
703266
1196651
213163
47956
88043
345940
361334
97233
1157064
959529
1078618
573217
1071714
873113
1195455
440127
975203
765294
1263241
628266
810562
124307
717246
1276014
363253
508918
971758
1285636
1138724
825372
132259
604471
851528
679009
941060
936412
659409
186368
279216
61196
132193
1079156
1237848
1224466
84326
994565
474231
522619
266664
1039292
784405
153996
284733
1294070
194726
682559
471461
658753
728592
32435
932344
539004
55428
896451
122872
1042113
757695
516864
1290675
969368
901891
1123980
491223
752972
683806
708133
964129
448479
1077480
1129413
467017
113057
581862
1274354
870385
461827
1044896
211451
479140
736346
1252885
776105
132246
327284
650432
1029719
752220
140874
186796
793674
69509
1213825
583143
1047352
810942
387165
232928
1068054
790060
1226652
692659
114734
1066120
682065
306935
153055
907910
714632
840260
537970
338639
1243640
765444
762830
411138
338198
97308
874529
493114
950681
1297181
32584
1163557
187289
1041996
1248904
205957
993235
253605
509488
839188
629623
1017614
196328
533069
968885
598746
1272571
173692
866167
800560
1196079
379587
682146
287317
387946
597314
1027647
867124
557093
1218129
603193
1140924
442813
565984
189902
46303
1026043
76599
94576
1149482
536199
650253
1295169
906635
163433
1170415
1235125
1005853
839247
250101
1133361
684168
1168810
90200
724546
822984
642205
283064
837543
184436
96207
985847
580198
181321
1205356
549286
911672
620690
753117
1042562
906718
335825
759955
601753
914619
1036530
892611
113063
52998
650537
298848
823107
899026
1011724
190742
1024379
315857
293607
502928
127477
332453
69411
808193
1034966
543258
474628
474584
971963
298642
99590
107004
946749
174321
1024918
105649
1197095
63866
916109
746075
435008
329689
868689
772603
860248
493436
211445
1126839
895797
986427
1059389
381248
325056
157487
154906
269182
1060864
445315
760052
946275
544976
544578
469867
1066273
1008986
1152049
252776
99062
917790
586540
889596
521773
604665
678307
923194
669525
267964
104515
454724
502067
386270
792960
1034156
44676
283074
374725
224723
601183
441243
562867
214838
533055
791296
925242
1274622
506627
702105
903940
622516
492185
554130
1243605
997798
1030332
942377
1005326
986394
1102735
519500
644590
705351
163239
436763
514657
1298829
621399
928436
1064819
289236
947862
532273
341205
174129
613685
915222
272526
1069177
534058
1255513
999040
987507
340981
319567
35568
54727
453312
598265
624403
559982
650738
241951
299665
81197
1043176
257015
1068027
1117127
727729
427199
673202
222177
822144
301858
1208687
281787
358221
92628
650757
613688
177977
1125476
447068
1080746
750923
1166704
618722
1176325
96585
278333
602773
316564
852275
286061
441782
601273
415768
705644
1218543
1176453
449901
1122076
701491
392616
645071
741450
760158
1055770
441366
265325
1233282
383814
534438
92885
1040541
852282
1292792
509161
170067
838552
205245
306794
432265
333871
1222218
951028
911293
189360
764893
240602
1134683
1058630
1108585
941943
171309
1292462
242988
640636
365071
494904
1142800
323958
737087
962565
989135
1061441
545206
135027
1066467
506799
660418
897585
312982
978821
944654
355215
1191028
66185
286558
391078
730315
842505
1121413
296031
1095562
983892
1035691
210453
709896
486573
598876
205869
644159
125235
783371
1208028
918305
339397
1050414
499934
1054986
772891
959880
241330
1045602
965598
1287495
1258455
807444
1007706
675532
361432
559609
70260
235617
1189522
67690
937079
30529
1010371
1071834
970546
291279
667662
1205393
1092655
961863
52021
456077
968223
46287
86151
928582
884107
513042
1128799
675249
836893
314906
128428
899995
632583
573832
626860
181315
240982
59831
784563
78895
715770
459643
1120568
150466
913654
760184
247126
809843
157593
1144092
278653
773691
306146
189189
584850
895588
1174253
268226
665929
434965
1117953
407411
176464
534286
1097640
683729
751507
278552
253295
492698
693652
1051412
526650
663705
935598
687224
613309
752487
88691
254449
450323
768652
554101
121742
452974
779781
665084
524010
705949
1279941
412437
774230
1194748
1205531
660417
557797
767972
147424
203966
831365
220420
695277
297201
549708
378591
1295099
1055253
496982
1030829
841224
1146080
749766
233595
888962
872207
438919
111940
571121
1042072
240135
320243
1214993
1095722
421419
423850
452496
659193
506166
204676
703533
1051405
729694
311382
1098699
386184
834614
800196
500485
1171775
958638
42313
1086371
1173615
504730
984276
1088575
609930
1287784
898918
640500
346448
375652
463134
1262666
794034
1003890
499120
157335
407215
880587
539848
1148093
232021
890492
903824
871680
1218808
889507
564011
386120
443955
121998
352943
1147370
171843
914797
238670
185765
501534
1110649
1078386
809590
706795
246851
1247490
222390
156911
961007
500489
1170064
220953
1013879
406283
623862
1177964
170417
668396
446154
411312
517381
719314
861217
231800
666991
771111
762844
952410
1121970
1018693
208873
697750
788252
359876
202977
589702
819149
699225
1091979
994210
322837
601610
436819
1180970
333423
1261778
289121
938490
333570
294132
926133
745503
63728
434414
775868
36368
272949
1146039
68133
1273715
925667
1109000
225988
919821
409827
1244572
700416
1240556
947699
505858
392851
975142
699606
227588
63731
326976
1109337
34217
675238
309592
609356
97931
442496
1235082
166202
479442
292952
111846
951750
1151837
90740
1035725
1029323
323650
889317
332443
533808
1024336
1085708
117729
397009
581720
633439
305701
507246
319844
98769
660591
1019083
145181
617422
328217
513014
873711
443177
598061
411828
442353
482624
828676
1092544
299183
1071863
906883
1264339
1241566
1109766
215923
557968
122649
1181051
291402
1039040
255104
1221967
1271750
945245
528661
318190
333042
991238
59902
748591
932792
549377
957122
938207
208838
957384
906453
523252
560567
771476
827146
644728
349335
469125
190117
484852
398239
522314
664107
1014056
684220
1236202
1263495
937221
30797
123299
53144
362543
200244
951875
674951
1179668
603685
81286
537546
1148640
1282131
1288887
32407
1000420
855361
888403
1232201
102521
328927
356332
588842
540120
282834
1220930
514651
1275373
984649
43281
510038
1227552
1283297
745449
582843
602702
555983
130759
1026093
344034
1221326
39123
947220
860552
563775
657617
77526
746249
543078
724190
1254970
847422
376060
941439
1292090
669623
661348
1024893
61785
1214899
136725
115092
676917
298023
1134914
1098079
663958
1276457
708246
38416
94749
1242287
1290892
945463
1195022
1029747
1254564
920237
535350
1012283
686673
981317
740894
304660
127140
89344
706309
992097
618737
521589
646808
1014984
1227490
1297815
536505
1249931
761951
54359
624417
381070
992110
241511
41494
821024
238346
794427
602121
532624
750802
643430
946909
1005507
985186
262391
1169050
1011523
491578
792585
1023384
1213763
918618
789897
812525
543658
388441
744525
1274093
634919
577723
629371
775393
1172972
692340
139622
1260951
999805
272142
700684
1253991
477828
904323
603199
680818
216103
403939
976178
475015
439079
589788
737845
76197
115939
207319
936707
82557
287779
715665
524670
1106813
795855
624470
781885
1295936
409111
816527
915149
430664
442374
337677
107550
1261843
629293
1145574
238554
1078671
840705
421449
589616
84695
1091754
263216
75481
1176701
1023505
663120
1048274
1006660
1149819
338538
592335
1221179
1291511
753097
935246
1251676
72505
457253
1254115
696005
280323
170044
653682
763577
351251
57966
1242774
447365
1009513
456818
529436
846840
520951
33464
734143
1290286
280838
1248625
1288903
1010174
153399
1137340
828449
533480
1281691
653472
428101
92042
1212328
725371
921254
983166
917107
1255411
76483
884598
944216
965087
398845
93245
1249139
1220563
920618
274772
295876
673011
1166446
525048
91669
885949
1209010
1081863
1082247
323355
223949
146622
574446
1206685
876397
79811
507989
863633
344466
377762
788849
1167204
646502
1027921
155086
443715
1070511
876662
956925
459423
223805
490301
107097
489162
859960
506923
783142
929160
1286400
229161
91588
869632
798625
1056117
857415
1048077
388933
686993
1137974
183817
118762
556097
565069
1182233
672230
906317
124540
113212
709243
170730
1195323
962852
1205654
665314
1232958
191773
455339
467978
571600
785404
74530
648543
1015368
780743
123102
776217
33640
538097
566569
96959
708528
332462
1298070
547456
856407
532055
888063
199413
1283985
168741
437252
314212
515367
539362
1186596
77503
1224607
871805
589325
1182520
894346
151763
72682
410899
830026
1162554
1276489
341508
183270
415679
192810
719224
931028
1069663
1054785
325374
282275
36233
86589
1029127
498263
297158
718386
128807
520649
604557
353081
375535
1286258
1025828
507071
90280
1073541
876233
262465
407917
1041492
1279257
983047
1162555
569499
1119876
915664
610022
1061373
362567
66311
627976
839422
1084749
642071
352004
293804
858487
268536
470563
386236
813139
609179
854414
447772
271793
89772
881558
293692
546610
698620
963904
445266
502796
352571
34617
423006
1257698
1293692
122062
564132
956068
768269
1183157
1282596
208388
738258
321860
1220127
196147
1072418
943320
589847
520438
248964
824430
68557
525976
154885
1217243
957592
289793
1210074
486211
1021665
251093
678036
897150
1130205
1078488
506811
105732
74387
850140
1038154
154794
1175898
60039
297389
1037369
619603
1190808
482023
536911
1206232
698130
494131
158350
477906
869652
966207
431023
871482
614444
285069
731329
937855
118649
636529
565731
1161726
844274
151087
1193396
682578
326334
511762
54019
576243
266341
139626
571683
797780
890817
888847
1158920
435752
457084
496524
1147844
716238
301082
198499
342357
301072
1002528
376984
1233492
1125271
1138346
489634
544992
1143621
44484
1250656
507526
247043
677010
406375
549341
931858
616110
81273
951362
264325
1256482
920176
115333
396181
72879
873508
528572
623419
828763
755471
387479
44609
68130
77920
701123
497942
1085193
771423
1050268
1177932
447298
975803
89539
465441
81541
774088
1287703
644401
100866
386033
1273406
900619
176790
311104
636706
360651
982361
398681
984095
1161463
1286274
48805
535524
1148537
294938
1250814
577325
319910
897352
393311
739609
950116
966649
1213628
492692
989947
411358
1296475
1208740
1264382
1288441
180715
707042
297769
54114
358661
275380
1068823
978308
1049349
998872
910403
642521
912720
534429
594765
905126
187776
114718
1111595
385635
1282826
119076
674311
616098
687029
1015669
667418
456297
163086
1255833
1170427
300631
1059628
1032095
1291265
119180
95564
718020
294204
571871
248907
1297898
657016
483375
1212852
503907
274026
651037
906760
1234327
783720
847453
267478
498389
223061
244659
1164741
1170015
270946
1035015
741507
776242
1189235
909820
612321
1194057
756260
1057933
481973
813319
1018819
126819
406629
449141
1213906
126519
1067178
750376
1029083
1086094
428143
1126212
235426
565749
494091
483348
540973
313180
1155147
690661
888983
387360
827105
1039990
1295892
357675
985254
109661
151249
687145
1035120
678938
175768
277430
220192
489129
227940
766173
367355
300902
1094029
620468
968110
1034798
1164488
1198491
109311
240997
438712
1262686
145262
163980
385421
356890
762177
524121
188793
738900
187015
1208946
754547
1061492
402807
717748
599351
1178402
861049
918949
351232
100592
419706
1185202
1017360
838140
197828
1163774
1181723
740524
262093
1113727
1279171
1017192
747626
1292855
669205
88619
1189138
597458
656675
1085116
1231599
620195
505228
279364
1245006
1289171
1003085
1052326
323181
799695
457133
415746
400964
396223
1287004
1146771
95070
1253512
577080
54677
476723
431558
605945
1126951
1248449
775573
121410
655594
94826
694866
744580
427483
956982
1133335
232543
58405
134749
1099827
99197
1013094
114701
32036
318542
713729
1039327
85292
969553
1262661
1268159
66109
920347
615021
999986
950110
403555
187692
423238
67609
239047
482444
161044
1263967
519769
1137726
1284138
1217740
588058
197621
515617
323407
247969
649034
326321
109355
993840
146920
92655
179766
1135150
1182648
104083
807073
815276
1233070
755171
1201960
804738
892259
1166069
1225288
379138
515806
1260121
634409
563966
628965
891085
746246
95292
782631
993774
942473
887856
303096
421091
542957
699477
1049806
998941
884196
805433
158738
478758
438543
582441
119795
84122
670798
334747
1250459
412089
494957
103680
540622
208886
858609
108668
750958
1164356
507823
859339
641266
785319
675756
73284
1046731
115529
992613
590446
576936
74638
360782
975294
669803
535893
692134
1158416
102556
579141
569260
510534
809330
859034
296903
81655
1046354
618594
959822
413568
758487
1111814
97405
415436
810105
48295
764518
655884
395727
1033007
170137
1283790
1145205
680273
428828
1069568
1059349
165450
100123
1167911
911815
1167731
540863
57061
278962
1067925
797268
642196
463103
444618
722809
280835
729075
35172
911941
159972
1121806
747930
1095885
154927
1227407
1260096
1224522
1108483
1045398
1072202
143417
372428
779309
356444
1081274
818481
381147
1137425
389298
934418
86164
318217
1185718
626458
621077
527479
1222045
222965
1200211
144891
329560
360545
65329
1180022
194577
1234889
177982
1058759
1055624
687285
165698
959765
479177
1160490
912551
49727
348201
825354
110776
850603
808775
1162557
255089
88937
1068895
275684
758992
880798
984479
858903
669058
1195468
169199
964781
786706
722509
390800
884934
601026
158222
115143
495791
458759
557833
459091
422731
287017
500304
589966
1222043
425627
1196778
244106
838739
751395
364439
970300
890774
591465
1247298
1112780
293241
832925
981981
144553
449513
927134
803732
408959
71083
385079
983780
1225137
1076026
141714
219358
772952
455960
173084
399017
1113192
398564
383833
1109919
384705
1215309
564101
40864
1190592
67312
894581
97054
395020
1141436
332326
226492
1070759
820022
1179406
792093
500996
941153
338353
620275
608914
196193
277444
585202
890161
1266981
36169
439338
751174
969327
1225560
796123
953065
937263
240868
364696
462303
47248
1106708
1121982
908972
681796
573060
1065932
1125628
1143335
661891
401120
1262525
548449
1226482
494681
79068
549096
360949
157656
593915
68118
389060
479194
1182822
1068837
197932
1014580
146930
65147
268801
777889
56707
605596
922943
253856
192418
511961
1232841
687651
241428
211797
234534
863314
407279
508467
264972
1159448
183970
778882
678733
571048
441904
343382
1112556
891810
628057
838807
306808
1190625
672472
1031013
280640
335097
718809
149869
313485
410552
1050455
602153
1056729
1250382
1009056
528759
868712
799829
878918
1039997
1275153
208646
1157678
328198
815659
748191
474489
684270
488424
1025931
388933
869186
372684
1202084
318765
1133828
1072768
593559
553381
844764
467379
114282
396852
190314
295373
593302
1165344
928434
1245198
754812
888754
213568
994589
606830
1199653
225640
68319
552185
213300
1117735
124806
974633
1150902
766664
44980
1079888
735221
1105993
306222
1287039
664358
95439
921722
155657
1201989
1168800
900096
449844
234081
1030049
515335
451231
634979
745839
480999
259180
508726
882072
142388
151678
277104
156202
559382
328065
926522
754924
800673
219796
1190548
315397
789952
1194380
579400
1119957
823178
1079978
545260
746430
1042314
316140
994520
147916
781182
1216133
1195848
461964
554780
268054
1238198
680510
426267
1261469
912432
361686
1271483
448280
136514
32602
927609
946438
198570
594665
224697
506034
950205
638152
310400
587160
333848
748188
140446
852032
973572
503830
982344
636531
438049
853477
480886
252563
1209525
251408
100461
73097
959523
557830
827634
1276019
323685
438849
763691
598677
1175590
729429
1061063
199544
61466
956395
332465
979989
387930
632667
1140741
644759
267469
343645
133520
1149287
1205572
133942
1097368
799122
145178
97569
229761
795994
296507
366052
606260
88065
1114185
174424
1002917
1056863
740672
982477
510818
938652
595805
35963
1192764
1197962
1014626
658469
621655
795005
657110
811836
343734
261396
491357
630759
1111314
896538
137721
572088
380732
443181
1147386
191570
1035817
416136
707513
60842
355552
969664
839228
1206498
797840
427455
751688
223604
534777
609661
861874
72919
546293
1118003
380689
1070673
563239
136451
1137488
1152349
1299271
578382
556512
373962
478085
753614
1174111
443966
883823
1238284
46043
508734
810809
959091
1233660
1284661
832274
800362
822749
662014
1131149
480311
627132
1199512
960148
922650
42407
688684
1064494
735205
884258
975411
1045287
649694
456285
553027
606793
286475
848555
1236968
1281714
670090
1006972
776216
823655
364454
99668
944133
1208680
1238826
656205
603817
510714
298273
474476
927668
1159266
383732
1110211
748516
449077
62515
401901
413654
507556
265077
1031625
594523
658309
474498
810328
757133
754290
248385
88139
454531
794568
48855
250946
363306
1265021
623887
1017219
602194
636871
402605
1156099
1241449
237437
1022590
221552
1271686
1150197
1268620
666861
834840
240096
569184
69183
490599
337092
1267500
892511
813920
64986
62367
1076071
49984
232769
730701
396054
717615
1279970
89835
861710
106746
605875
211301
1030026
1102108
671626
204152
208198
644469
633519
48097
534847
466924
1149532
932507
1157529
675790
193198
964506
437809
1288219
1133998
789841
259824
636857
736958
1115786
209332
49490
364974
1291511
1231207
945588
330378
826891
466801
630015
1089023
1038939
1123398
477432
725343
709894
1136901
164684
989083
809340
1063431
241385
122991
964138
1237846
1020536
180049
780434
309470
1072486
307362
745943
204423
242784
236389
58377
1032662
825268
559196
702732
442169
434348
1263877
973381
757652
721304
363223
410684
1091396
149569
1120941
239517
529044
633778
253973
1085764
773086
561773
70902
961761
459713
1073534
567026
1076717
571406
431323
394745
860706
923785
160842
477981
590558
1288295
189984
193985
600982
468828
1096927
300016
877342
953602
925689
888439
452109
377918
929528
479691
990860
562420
499303
1091834
1121250
1262713
936597
850713
1287695
72622
1247808
931703
822325
177257
583341
536116
1108521
497502
510400
321094
139845
407589
489601
862125
1080801
103355
1041418
986610
44641
457771
392666
719192
977101
952737
903905
1152434
502443
798008
153704
35009
1249272
956465
850967
1170440
983511
431117
1059768
1282992
222865
932587
823448
932912
802991
572176
507065
407249
360751
279653
121055
1182120
1034696
754265
1234584
517650
70700
1034229
1255917
691807
766750
409024
292157
564082
190529
261373
611101
765689
1168500
1273455
754418
1029853
689886
611180
1247474
249030
273086
111117
526435
416762
68251
1251817
401660
203964
804650
1267420
612028
126528
1023439
1292217
46143
1253828
180098
1117566
859466
286207
71598
542148
951711
95029
1254874
85234
772724
561471
989564
1132983
294225
482383
866054
1273334
98480
724785
808742
861716
714510
1237459
973142
990761
1047906
874277
1001853
256231
640345
1052758
325042
712264
438505
594638
671053
1202123
1203858
922000
1074088
1195917
1128379
411418
117523
573227
1123856
522863
1198876
301601
284766
250564
1095147
1209962
313687
1280737
537502
695718
1112150
1018727
45458
147559
521956
1071089
881463
1093288
967770
316862
1037357
232209
1172051
1006345
577355
388719
402982
144563
756493
240532
537124
788001
1250614
1068191
92352
127336
315294
37712
354727
1219096
686824
1134192
715386
396328
510621
702322
290767
351669
846861
698834
693798
476029
237932
635170
1155250
768243
166801
1013021
1053097
854042
76312
415337
967326
650367
31122
627357
379188
288200
481376
600283
31052
1157294
500131
582677
1286369
326353
1033885
723007
943762
816175
789369
168082
516739
585098
662300
197171
397656
1007510
638279
102285
283526
988922
239309
232930
393544
1153776
79487
49985
669231
33241
298077
122230
1174152
135783
505183
592592
204815
1196710
266823
1247275
151696
573522
852092
353778
630266
557079
324143
920456
205935
1158728
1139016
490864
1154307
212213
272256
114252
789923
959907
496021
227277
634131
188678
1102311
1170551
1073508
1123365
932375
129778
739543
1214517
1216218
639566
734346
175061
406472
871267
130502
233866
556122
269158
1120560
735700
157366
430877
540001
274144
199800
1212155
883669
1092213
827475
184630
834650
407911
393791
552834
550489
1293129
1215153
988474
737864
847848
131847
579557
212813
377320
724816
503459
96900
897250
1257547
328625
465979
695532
1266953
531462
76191
1165124
74245
703243
621460
370233
590801
332380
596674
868714
41346
1008090
1081770
61344
711606
1204873
945065
686809
481777
1043836
1237018
943911
323797
631604
714743
764601
670439
437450
238183
107901
753127
1162223
1188709
156358
1194855
730641
632839
118809
181224
782832
491101
155598
369856
158398
666722
595286
1024744
524305
386244
745557
963081
928343
286113
498696
1035157
588722
599595
1004569
664549
289097
1187600
1068311
666007
1197310
426144
618426
563935
278842
475280
925758
487112
882190
1155935
40932
32924
1284768
774535
226175
213734
1274520
740614
99311
451806
577532
789966
1140070
661526
502550
96646
745493
1009229
828419
537212
1208471
335387
841527
1014665
288587
93750
699478
816892
752906
1135688
1164651
1164628
453392
74434
56406
517280
1089110
1039707
1148673
1110547
993176
904900
461218
1153763
1193008
999217
348757
570690
239908
373612
553841
114064
184380
222658
276854
1202416
54962
952617
431139
326659
901246
852712
611608
126650
942352
811711
352041
1286398
1255717
376855
922033
1204189
1277038
267232
1267300
61306
1297472
346356
282353
50995
817863
899965
164015
335983
639787
480481
555344
184269
551185
225935
213813
613854
365328
1143444
708682
1135820
88305
1109313
602473
413379
1064440
102009
54906
571722
906629
318203
670426
950130
873046
1025815
373076
408346
1038055
983589
686433
273418
375383
1073158
1054167
783989
783585
40118
301496
845624
1110024
833653
432193
721505
227259
1250725
335176
373882
669210
1249313
828633
30625
1285004
147789
193047
606589
916232
123479
738543
337397
881712
289164
54647
127162
55136
1207149
975298
506734
777312
127546
512028
237663
1296310
105826
485429
303253
1004426
756770
628403
754077
827485
857478
154317
766764
1015626
938258
455472
1238884
493112
849579
302229
524896
836882
1172559
243108
576400
1200519
58157
865178
1203117
382603
578528
410113
508510
221819
35213
300007
898072
178841
455621
549274
152171
602977
110203
1168553
1072734
264124
927065
483075
370694
885326
1154919
1066617
319529
436991
610373
678856
519161
1024044
794448
206841
753599
440429
470174
844080
577352
489980
543229
87458
155686
898591
945617
590957
332381
106009
193292
631659
607261
85572
317377
1296216
1181880
979448
40611
851177
1067413
1233529
653226
500622
485060
712229
1222384
904410
296175
321758
244234
58210
379584
215868
640927
471784
711905
85217
317719
610341
258203
273997
1032545
275080
506842
992829
1060209
769260
720445
787292
826400
963768
685084
823833
496770
323044
931959
1268303
38630
313958
880921
64673
490101
739909
119576
203264
107425
382009
160386
1156777
52951
778714
387715
333690
1064656
301306
1071926
425836
375705
920579
221138
195715
538567
890782
1122692
328467
726435
60242
179700
1286283
870454
716327
465220
632730
138510
263087
367496
1107773
1270584
762019
880334
1245958
849260
1232506
92508
1156143
982800
234907
1039038
1068069
1176263
423165
173573
1295589
914708
124632
840128
1125434
874052
630172
141242
454374
826376
678902
1272162
409413
38469
756380
258779
1123527
880677
756043
954345
304881
1279223
1065726
258657
634537
983265
711959
1004170
70459
988788
602752
986979
596152
485468
1156070
85320
1202657
735803
1240715
1178691
48433
663402
884999
149824
237966
600744
305200
310261
731625
1136320
767940
1094786
1214968
963494
1227900
105234
1091256
980895
712974
1025603
942039
318800
1120247
488179
1240487
439670
553830
1220022
118840
522273
468512
997380
566268
118302
566129
1025265
748641
1065208
872963
622866
1056486
379253
1013742
317718
649787
225088
589793
102686
1263890
712997
1027705
1019951
915882
767588
427749
700756
696159
632496
1176954
735374
124761
306125
99320
570293
1079833
1149600
480341
903737
1278253
1145868
813982
280526
305895
577471
1251703
621651
1196244
927012
428980
818971
886153
762897
233883
116108
328075
1001198
1148894
1246801
597411
524446
566815
180840
476857
137535
501319
482705
946958
1071435
164762
150437
1098472
276254
559654
724137
1070712
1091344
482542
325803
397429
949207
1290800
685772
624032
969367
365659
285903
700243
956829
1006677
282228
864477
385962
861394
685296
435155
375079
859732
761287
826406
124221
602892
727701
136644
766616
340242
815441
820444
991771
1234388
487323
701646
838635
1177430
1071835
108587
372006
933808
746999
742489
1222378
457791
1280771
859895
378485
321435
623236
320020
1024808
362651
843220
972461
911527
197632
70378
911425
802804
391680
214196
966520
977639
1205953
543671
884834
1206499
824086
167012
742247
276186
976056
188374
726209
720111
778356
1159151
200621
165297
381011
915090
514334
1118689
262097
929992
719154
721142
233199
114920
894851
1001932
1044709
355071
567516
793133
710917
1124172
281552
214895
583547
1177142
993490
404170
1278759
757836
967310
1295016
635937
195267
734767
296847
131725
30917
285356
118850
1101933
500982
235972
458677
1190806
888820
59241
583004
1262309
861732
101656
54354
586219
424993
206990
772573
499768
263543
891328
1234045
1098904
696663
1235388
623364
415351
907573
906296
1233694
157398
1003870
109637
417708
1135785
1191949
316902
379466
1109319
401153
1038356
832371
1133579
879127
921692
1189922
397409
506776
1023821
869907
967866
839648
843828
644189
225509
203690
447228
174221
1220765
1088985
1092177
774132
328483
49406
1101508
1263673
762922
1136998
895093
386713
869472
381954
129892
246520
62445
1224494
719006
198703
512256
1245909
210088
237099
1151011
557903
1294699
165990
269182
548906
568005
698772
150920
1252628
321634
109240
332837
547993
676813
962535
408701
817842
1011275
620320
445223
982905
159651
163406
132163
114606
915984
193709
1139036
838661
343465
741820
699782
366196
337823
638172
1219104
912362
423319
600849
709358
535823
157842
1102817
516214
1101583
648255
186816
789044
1118294
1179117
651533
632581
1100124
1009418
1065247
524856
400005
825424
980941
1033502
1210705
445236
287465
762567
614131
1059859
503072
32312
908465
458507
797243
525804
401765
1143681
416556
643251
415763
1131851
68404
554934
362117
200638
766527
825577
56750
312383
127679
273163
39375
720600
258526
174231
1105595
434341
1085634
238194
530981
418830
366708
1088457
93840
300958
941162
335812
961626
236012
348175
502300
33504
358919
1009585
93548
1071999
74852
497765
1175796
267836
670120
464730
1258443
1260695
474333
60815
660570
340574
1112892
300747
737871
697851
1292526
128833
1214455
532537
1271877
953530
394194
102388
419693
356942
1096197
1210666
1059390
829108
647007
736003
578009
602341
446871
1230472
153600
331669
1283468
774705
1148275
428636
1117433
631348
1280010
1242799
916979
214997
945493
402436
67009
736545
820616
1097204
718861
210974
952693
699763
1025349
472887
1072607
806430
961904
355353
1019227
842004
226893
544697
969259
1078028
833433
385369
491628
1128634
1142258
244401
1065389
104639
484638
1201612
1169102
451914
236998
547777
1238686
619465
147808
188238
180517
159027
1252840
778793
865532
423377
862534
847112
909895
1034095
57302
707266
51056
314580
1269486
224171
1109878
758770
264701
1111974
1158579
75003
498784
1288591
976728
370056
521487
639716
840663
759183
936735
792947
395669
801005
195346
905903
395848
180070
732725
680769
842173
972406
805996
780528
232142
322020
640777
33579
459246
1010737
649128
1060674
248428
342367
639018
410073
459834
1131737
771760
474012
908261
1066148
614361
54099
746827
123825
1056711
1147189
673318
853715
565502
1161486
93434
902873
226927
1190036
186221
190115
808841
552827
162686
44833
537231
866662
1058244
956506
1089310
227752
816990
1052929
349184
1212815
93269
261171
581645
38893
378719
307970
546681
370557
311696
194036
1271357
1253115
1053919
517028
397822
577063
258088
130297
672439
1120036
395961
741541
675631
109028
1186762
1102634
518051
161984
1096182
499919
838618
346503
1088415
656405
1226961
1060985
1227815
40482
1146871
712466
60645
31583
1128040
576129
786001
1128312
1082439
574405
1260601
684605
792772
1149257
807189
181421
565771
1096924
1045276
709322
642296
1119604
829848
1080147
622043
556714
368195
782505
343437
592868
552609
71892
423620
528804
228420
750718
977652
835330
271014
544410
984854
964264
500376
930446
1261554
187774
36282
1056077
908577
941188
1240356
247469
1016968
924606
389077
1124981
1065604
398895
1238061
1031668
1135732
1245949
334074
450353
731780
1241869
1180635
655257
440493
748120
435500
754201
520467
534198
1177989
1213456
758801
967894
1290241
57203
1127498
376249
366631
1184366
106734
513803
1144655
1070200
668837
490160
1063577
1015991
455488
1034947
626368
850876
1272136
1262645
363716
478805
1216621
178859
272861
778758
608820
398859
319053
890086
987832
1193767
309841
912798
370231
411741
289309
253158
1294583
602747
983356
840815
1267518
230580
185752
523449
1161887
858256
535524
1207647
417138
917003
1118359
704033
310265
753993
492901
149138
795294
973484
981549
862426
1046068
619882
856766
591456
731207
1198739
582831
1151532
602842
1107048
885018
644897
1230224
398037
1136784
550931
1076957
84377
1067098
449486
1150495
973307
853956
1222526
715441
216542
854381
725845
1014634
1287732
718164
204920
630864
549154
1199518
719482
937989
331798
107090
37320
727439
100046
416792
1178255
583079
1004337
193275
101410
332289
376256
487225
706434
1110945
920003
204571
719230
557005
1268087
661558
975498
885089
48898
945089
865060
801155
402462
1292153
1018692
281248
809530
263717
1203981
912204
1083504
654278
624006
219950
950761
678353
326004
587909
425831
178521
465347
72061
740497
876097
547897
434662
745773
563728
848967
1072851
403518
575411
1199885
1138249
501704
89853
918762
1018228
474884
854254
416478
700532
178983
835709
870816
1170614
740963
733209
1273868
662974
196485
696112
816618
1180365
74109
1049288
799170
476330
906816
1168763
386715
36683
466587
1015249
1006895
460267
264722
1246886
353989
699778
444190
900145
49207
764937
330072
343216
982332
192844
1171558
473615
253274
372549
1067665
295687
737964
544906
786259
1189440
1161198
354449
394322
947897
211687
550885
902887
328402
860341
813998
1205064
1293992
813048
1103049
749611
1130701
862371
450255
345305
414998
627028
1140092
741806
603497
756616
1040342
335438
1052131
1093662
851679
750820
496276
1027237
1145997
998004
58003
653323
882794
727886
33751
682131
522122
138175
469706
970781
385591
258596
1096799
92344
1196694
1056053
760421
1007287
1239165
206846
621732
702257
989242
489146
1204283
1166090
629504
761496
1132436
849897
208933
320778
261417
307159
124277
881165
153335
1243994
491780
898288
281316
897335
927281
140677
492548
470502
716103
1202939
860585
1037158
1291753
116341
180119
658547
231749
55946
471821
407490
398345
643613
288044
768048
124733
1246130
1219542
757515
1053854
307033
580575
352519
811109
493493
507568
144984
1223438
1099086
798994
332119
630705
629392
1025104
386951
1159447
328621
952427
186656
100803
1107741
98697
733609
237363
610814
359973
656449
145183
609176
101194
575763
482798
1077675
168090
239149
132344
1001936
1239288
124679
95980
38181
1189279
475472
350683
295476
36719
756733
173247
783935
48507
107533
511809
259711
100434
67547
705622
536079
617182
516287
523302
1194593
931683
825816
520132
289784
1079136
1007177
1287240
281848
287604
749857
107742
1117236
804301
259271
428155
231238
524317
46660
643960
1235594
889710
507668
665502
229272
656238
1187885
387961
1273942
718784
226070
1042660
750412
359880
1115193
1097044
459386
1176243
291735
73394
1066837
445975
804326
170679
751981
1111589
466380
474351
1225984
1065293
1178162
403376
618049
213281
858987
839829
70755
1182581
522458
213957
388577
782117
513846
120392
1084332
468423
1104837
320627
692316
1142393
214630
718335
56962
1218059
1115235
1151164
1023162
488577
875442
856865
999251
618708
1288050
140485
364817
1251965
1221687
1008547
538356
533994
658792
592049
1061543
867665
1227389
859251
966116
365825
499284
569215
355059
1122872
848459
544513
475079
1141131
108159
455687
440029
1199523
399218
582292
193588
1205851
125226
246077
1013337
766731
1046848
159262
1176970
971192
84103
978503
1083221
295728
1177891
1288796
486634
675619
811014
600297
244735
229445
447308
92694
1249176
79490
1145318
1097121
197358
184448
468655
1146765
749227
275054
1042702
456713
483806
632525
1212420
447761
1111287
292285
203911
321740
1021747
718199
273577
709750
36697
1041556
613210
1246776
982043
415641
54796
439753
65628
859483
375687
851401
399367
779550
471506
662088
960358
150446
1101773
349053
532780
243447
854861
973953
1106497
519364
1108268
947391
447810
132082
950948
1267932
1286865
1199603
979083
495585
739002
162183
1172816
222686
70644
538429
300852
673236
1000853
592229
1127103
123688
693298
550826
228039
659210
80963
242698
539794
292140
135703
108384
558547
970877
636941
191833
113775
180694
372495
1202529
901121
444428
173573
329625
1017396
1145499
1232597
806918
469724
1035721
121744
1137378
481330
871991
180605
308336
1051101
158964
85544
953909
1284851
1066825
1228525
1092258
771860
876366
583751
263859
689733
845342
998463
998462
885179
183056
965379
826992
237454
140144
344517
455644
673976
277234
662149
103726
377770
665826
212531
465530
32175
360711
542812
1147451
327171
514798
660540
665067
646023
1125883
59322
353536
253029
541998
82806
746808
70352
552663
1222207
117415
688700
82292
1263573
486925
976053
1104206
547542
440140
733163
1181216
858962
451801
459753
347106
321402
222048
435056
31017
1186303
1031876
32369
1008032
494889
758316
1276424
564330
147657
789678
869995
1267865
645454
1006510
78258
547019
858725
620984
657466
51153
994233
713926
567078
416324
708286
240589
612732
485938
1297571
633324
510798
990338
766464
455314
86725
915368
32585
219850
901198
740810
825839
84794
1266135
674625
1296349
1261009
882493
1209544
1089091
525370
312260
248554
64545
968445
717878
633318
1250877
665955
509845
469287
961519
1213734
1045044
293467
133033
467983
516277
1045506
372483
999612
60640
225999
818225
1172171
1063072
1187062
1133492
1022310
1247708
525882
1040692
1190464
886430
974082
1224666
591642
1266570
992892
789705
213628
248538
328122
1057277
371179
1198441
1034646
1176792
631627
487201
676091
996486
193744
1187579
1116079
996979
1115753
308734
1239773
1232715
834631
905808
444425
1299988
126388
1046631
351654
276546
115193
521515
381592
499276
483593
67959
234875
1235813
125523
273278
707239
80221
219951
1193409
1056560
900893
1111623
1057363
466345
921306
1201217
986936
61431
44556
347641
502828
1229386
897764
940120
120710
1151697
859655
280656
618655
913543
539955
595199
149652
263850
732129
1187268
1009811
491494
533256
60176
90399
1291148
53645
469517
984706
1253396
1277550
1162649
701316
41725
805793
861958
576980
303427
1157626
135966
813623
793338
493304
1012742
624528
651260
172351
439885
784328
1215476
1250807
232175
461053
529997
758239
748656
760235
1296513
123959
1205581
990094
1051015
33324
823422
54321
417607
254887
753043
1166753
993914
1020938
732118
155379
1045857
196866
325047
593071
970885
627095
1238175
390035
142306
887928
864571
1125956
1045282
705734
232844
647703
77130
737049
1160581
418300
656620
36226
977695
1011980
1252895
221282
911865
502875
162450
810489
736648
933953
838159
544262
840953
745220
1172149
155105
886246
1038793
996913
213834
408120
859090
963189
839564
291253
425420
635089
81245
501699
519970
679460
254604
960453
567422
925008
870787
876147
202719
801979
1016483
907635
194336
355111
410688
441308
561856
729060
1200860
539368
52456
579350
259444
457230
938931
102514
1036812
648220
32102
955474
495866
641649
483780
915659
650737
362086
1230420
887441
1056536
74455
784006
1241290
807343
902515
284961
288209
411226
423164
406065
567507
778116
678184
449001
823021
102090
222245
1098313
441923
532717
1106235
446058
1044421
807563
713669
247526
1214811
202391
713250
657829
518940
998227
46318
1140950
162943
1194569
351982
1169825
113314
934071
714866
254617
679004
852761
50116
190200
579700
890579
318952
981949
755751
1224880
115046
141426
682541
789804
731197
1223496
883200
1238294
588606
511375
1222762
989101
659964
1090354
1176670
1006767
1236616
1053853
362086
527400
305006
342463
445925
1010283
1131887
845395
514688
667812
304267
33514
1228829
504303
1232877
876152
707098
380406
203635
537117
194872
270458
488682
1121106
1266340
192722
1153479
209499
450300
145772
564342
90704
73075
310847
1099050
626658
772453
266029
1252798
929032
515901
1152839
1047989
880243
999972
975548
997901
844233
529776
950249
896796
1135966
527380
1210227
964513
1054016
663415
232062
693807
1013980
1219877
945423
118886
659037
424350
202791
655902
239606
565263
650308
839353
1034298
354621
806133
410494
1163154
126873
1165884
937704
227963
930807
412203
57468
473582
1085152
1023104
888664
305749
1084190
103826
565465
769939
367503
1094815
938208
1001427
565563
1084210
750632
967176
364056
1062347
602389
115963
1045832
470600
898909
508286
301414
583553
1039658
112276
1076948
717336
394642
1024079
509504
483402
46867
1268320
479896
839645
658418
295607
960553
344430
202813
106090
71766
1230307
1132571
1172433
447278
908676
1221829
1079967
1061075
1117551
557255
722038
90499
1093084
1062748
533426
463657
690894
1282673
641557
948662
155726
341912
922439
566038
700113
176306
743533
1146233
260222
177760
326933
122759
690443
747821
270331
1146360
411020
863962
820035
810259
726657
1216598
543372
1275142
521446
1178365
1169336
689361
954034
245654
1153792
717902
804087
680526
949781
1085279
1209616
653408
774084
205532
420790
1256286
1102464
439829
904309
1019326
651726
476673
575992
753954
462788
882063
522626
771561
130145
83332
889527
908856
158427
371756
95123
660932
661375
460137
633942
1022084
884197
189424
970517
1284344
847681
981024
802735
141457
220872
556292
572286
470906
454637
591151
538656
483266
676183
191545
714114
188793
932071
334851
1254435
324598
162487
885992
34616
232280
1002875
1266409
1124045
726618
858516
474966
795743
1026208
112205
643602
1262786
811199
858331
1183682
1209650
827122
1212664
384740
1005934
1284269
148178
1152022
421302
715728
762159
666171
1014964
419274
1077377
1221393
979924
532662
1025229
968778
361003
632472
882694
641638
1260517
545402
497201
428946
1034211
493513
587350
618921
1121480
647101
352830
291299
471485
875414
65044
1224352
195297
493236
588703
951211
615926
1141272
956254
415726
883428
195574
732544
613335
1225596
879347
1129070
600619
193131
299288
863235
607278
664119
119198
958154
363873
897072
698317
230147
1115471
774784
1228167
65759
732662
1156836
770757
917482
1147844
631934
665679
832378
273880
258757
776830
1047961
957357
1172021
97076
635266
1271830
578363
210146
545885
540869
1160922
246300
408159
793917
481359
234125
792245
1263076
527749
762102
937801
1169017
1030505
1189228
262771
340898
1003557
508061
590727
1128427
158247
904722
43705
872880
404773
1241536
82464
880666
707960
642003
361405
1226594
502680
752476
652721
1084346
535398
761033
192250
90183
991232
555678
763363
148863
504143
416279
1076614
948306
539209
624910
574858
248508
994308
384528
640510
398116
450410
98451
1230457
1271868
704199
418017
432455
138196
1149525
974977
955730
879919
1246254
584280
885875
267010
83182
857570
346965
1161507
485932
699669
728633
952008
731591
884146
856701
542362
306329
123357
805219
703337
1159111
930439
846981
85210
1135754
956611
819637
511846
557405
1078535
977559
1280917
345952
36858
728696
932438
546887
749318
295233
1046808
620579
646657
368240
534176
69433
795977
67685
1022497
173455
843471
1127550
342849
448960
381711
1173618
429645
629438
393818
859399
143373
441336
1242824
568951
467373
135272
114885
1075683
941200
378507
1248765
1292204
201679
573404
899687
547606
1113851
812053
533825
694766
670173
608753
420066
151121
681229
100030
236234
1217487
1037733
1291882
313054
251230
362493
750195
719790
82040
120450
325508
1020108
409192
961900
835104
1140675
1282879
1062380
775261
577995
1234627
91065
85293
479729
1149725
182964
1153177
292980
909737
1255647
849431
693354
115822
284616
1256860
1228510
83820
655219
219278
406851
607527
43941
1104422
245287
1108556
905309
1253719
58144
844268
936385
767323
705741
544919
939426
620063
1230028
741422
1001190
585266
569591
313999
678533
1297693
1170982
74810
214894
1091028
956178
1096173
1064798
809842
511490
742901
162494
822126
638665
616814
64143
762680
1169449
1214464
660490
74955
1071517
227725
1138141
996392
980971
135235
205689
668461
693157
292763
1182216
1054596
764294
658490
832296
254887
1228727
1173336
488875
1173138
72155
730735
490391
971590
1274577
36675
592685
912645
1009163
1141588
1258495
403416
491092
892801
268372
273992
516989
657410
474463
871782
496489
1219274
1276056
906111
975917
1064304
571171
770622
901480
815987
1271699
212746
1114250
852154
857046
180817
152052
1021652
381588
261407
115154
1102517
304675
1032422
1139170
621426
447299
1266392
674982
143107
142404
247009
383018
934285
671436
870783
569661
450886
1088820
1158655
998764
1267908
663862
271614
1044594
1016459
702849
579638
673269
1222502
1017299
1044299
721802
997350
1033154
788628
428061
570147
1174330
701773
444956
1284590
294234
866207
799276
661508
1115334
181147
1145525
644241
723767
649329
1079187
545357
887518
977828
1199032
339628
731507
726229
1217598
800825
446231
970752
776920
96254
1009138
1277197
1064068
164723
220885
1188919
422781
629410
410317
862474
746733
98070
353697
850892
990852
634200
196415
277440
651078
520631
725007
372476
296115
1075271
1137505
996282
1158096
230116
107260
740369
679027
43154
725834
834970
238394
820934
1154742
438123
1077543
1119166
1061768
1290828
577009
1195551
789286
1120738
431894
981229
660183
935593
1237067
477524
456859
1194521
196536
488161
369428
347768
523180
399420
453521
1060808
1082250
178525
1005412
342951
189463
1003205
979668
363509
498626
323693
150385
882097
280563
1028003
455605
110081
768270
629809
942860
196708
1229033
1104674
545609
141668
944290
220440
364268
468369
1212916
493141
430359
1025599
809601
822946
923470
766259
666498
1130735
655497
1273791
185665
1121922
1277892
241288
260503
178155
697055
671691
297599
211753
580193
542971
407650
481024
830290
596494
53373
494732
850190
732826
678509
361266
54328
793571
1073895
99114
1223636
1211434
101901
34935
71754
1232702
70169
1058380
508031
1118755
844213
1091035
1245171
805646
910653
1000421
115976
822395
408594
323086
1137387
356408
1094698
806910
1038110
1020576
774266
1055324
1214642
724296
1269217
739604
635667
53171
450994
1000237
573670
651795
1227843
160263
321892
61915
1211851
443803
1275419
1106982
133200
760531
668307
1299660
405729
502359
604215
1030619
776345
268803
667192
335270
446882
311056
1151536
741001
277633
46360
575859
652546
119008
604888
479589
887015
1154978
130178
1048262
1005658
1136787
818466
773576
457801
1270321
99312
674278
1214142
1126186
366719
694621
765271
35786
102287
869782
1272831
1233265
783129
755140
135601
1040594
348108
776608
1182694
576768
1240572
1130964
535700
847062
145297
1266988
175669
608782
1201436
966999
1277654
761110
104987
790855
1180892
1240896
1245458
1281459
1279713
327634
916816
404172
219433
1235491
1004155
373206
493359
1205992
597746
1198506
777516
674050
170060
589627
1278883
1247757
894371
1263455
1045680
1263244
1089665
991349
654456
1255863
62457
1070273
1116429
993100
480884
987040
1160517
585722
742879
1162478
825857
722339
1107516
191307
471198
41457
1061153
1133531
1180452
655541
251935
319601
132701
246183
141151
480205
828496
437125
851466
324390
1143049
244069
1130674
859430
555523
37972
85323
838412
926621
1008118
460870
508504
159585
458161
655351
1262109
1102160
49175
450533
868826
58000
312524
220966
44444
612736
760017
1077415
31410
1236604
1265041
152366
913060
51020
984458
502869
480129
930836
596508
310549
184940
664821
160606
743704
1127023
195669
970076
843602
242763
61339
679529
716993
365486
1051151
223026
72066
1162836
977221
807749
382822
1188831
408296
1255930
733274
833483
1145649
519990
1122811
1030904
1089417
658367
486734
306380
671842
877443
1050713
384575
523159
1156632
82242
813774
1097750
1017809
867243
674006
1043940
849661
271438
703604
75797
790022
981995
342157
917727
455818
815628
1048606
120286
435106
1107617
236005
380321
30936
1195805
107177
1192831
62313
735512
181894
974218
374795
177110
585751
79838
1007784
1118204
1006712
1173624
438310
89550
239649
986717
820360
1138644
125394
1138302
1143290
913202
894650
894241
255543
172679
209892
888873
863647
448649
469711
350554
1080486
1287310
303941
1060980
962317
1196501
421348
353021
746592
275318
1086844
226019
142117
1103264
34571
245439
905389
450820
809159
502178
441063
1094810
1144968
1283212
1154530
1091197
932780
1084206
1264164
36084
995309
1154955
331381
1003812
567433
1186821
444505
765444
901820
900860
240202
820720
424625
606584
150239
489572
968411
136253
931638
1145196
503142
460932
1130275
1153239
140964
927988
537851
567979
825837
697162
75915
238021
764415
457516
222332
1133641
435980
1281688
950520
566486
1190283
501967
210402
397493
329974
66456
288416
793053
1290433
526819
924442
1224612
370794
116239
1058692
989635
1134350
1277608
40953
1113524
641351
167769
179680
66608
286481
427737
610385
162743
994674
947702
1083632
896853
1109386
706846
470185
371407
136131
430530
727787
280158
270597
889639
1025367
342498
169824
1132156
1015775
1011948
1178411
544491
947090
1078449
394492
1075026
1102368
491267
1119021
1232683
1191792
701635
104678
662737
625350
1287539
410246
768506
884800
876778
674264
282236
1167702
1087855
840256
791013
31536
422744
1256886
1268943
355777
686447
560827
1210119
971197
960368
50266
696049
45735
497708
678548
998625
1145422
845302
202704
1036447
745690
344661
463398
936714
1171192
680031
902468
1016439
831115
1152819
999345
972582
179557
698158
446323
1184580
487496
1140012
525074
1248759
1111338
659163
431855
1039926
530558
114924
350258
489476
1135400
1239606
654613
56005
750786
345351
777101
510141
567025
125420
38140
747088
429203
213003
597365
1102097
419392
458520
135074
650198
1192062
784868
735760
793927
461524
870363
176091
794409
74645
262252
780019
355566
430462
78179
1094345
606685
195124
1109373
741791
970417
236134
398026
200617
48853
1267259
1107816
552188
91111
836746
555489
39459
538657
255616
602343
96467
532453
1004072
771043
1234676
87739
286104
322236
40975
647249
53869
964289
1136541
1219768
460692
423546
577536
453637
639652
135211
499142
985692
1239798
1020667
190892
966041
909525
218615
294201
275500
553752
85158
857388
829544
715497
724257
652094
951361
592819
593777
132247
166683
44155
466888
1090575
1257446
1063126
1257781
1032210
358126
1027256
1143399
785220
193387
440217
527952
168638
827666
1204776
1040602
309428
358720
483007
1128525
1099606
465583
373905
1225351
307535
403203
1158935
496740
810718
712491
80990
977513
494359
1019207
504780
221938
1226143
661615
1124523
33300
132051
32729
428576
754759
265240
478561
1097511
665413
1281867
605031
558017
568027
581122
743705
126015
1221153
481551
432286
427343
1179234
522314
1178674
1262990
1249625
1107403
428900
958284
594315
415533
1238151
690196
126345
866831
442967
715441
116777
659984
534410
458286
171717
301838
183203
1151831
121985
1133445
231073
161321
203003
522377
972153
717847
632004
874840
268356
1229311
1072921
719934
791537
949609
417043
404945
83331
1005422
213476
1017511
63937
1251692
54601
624148
39546
908528
329392
248793
1119349
985792
692970
540130
303098
740240
1118737
727418
1187145
780691
259840
166188
403756
152988
265539
1141059
968609
409465
1088966
1051619
204709
775069
303393
900903
390220
826987
773140
515675
880515
620480
687018
66131
587742
908660
669463
933722
1233311
985261
1202217
900268
1087295
479899
1067933
349969
1112933
1171973
157742
300819
873356
727902
1097412
455590
368345
311029
557088
401130
584175
65513
490592
1191557
1299503
1083385
496565
1051288
467510
629220
616887
690731
284234
94350
1100286
952690
693010
756326
616977
692597
314931
366026
399367
857799
126290
1195490
615684
765545
470966
39548
789865
1147235
1230791
204942
372754
460405
1078193
925586
1287113
1006427
1170505
826174
802903
228708
135642
70834
860759
1074288
219465
782033
969746
1233889
321709
205246
534626
682155
572841
1135972
871198
1192015
752186
764451
1257267
915260
549677
1040498
452974
834698
1291045
43299
1203802
1122653
85693
751521
333612
153955
880116
1067705
776085
49099
967093
1082643
104021
735203
626072
108579
974804
108331
1245173
1178982
585416
56723
1134074
140705
1255002
813628
466700
209856
319609
529299
1193348
115518
1067780
1165043
914094
1211216
1170321
1000905
1085990
662972
40440
1200102
228077
305147
1019173
570451
96821
879602
1030261
305363
1172207
328358
1066388
559280
1190996
95403
272777
618858
238839
407708
68704
839639
756531
46904
667246
72723
120432
587363
315466
49968
861297
674663
865548
624330
730262
1235432
499090
1143540
1199907
1278815
62286
1290563
719695
758989
1193313
1185902
246805
1091465
985619
280449
1032602
902890
114382
135975
602371
635494
595581
1244331
483820
1053557
1062600
1129648
543367
655119
564692
747871
265749
37127
208539
652180
238537
236915
950354
743193
970660
474491
349345
1089389
642311
636592
175393
264368
595665
1059317
698807
1043603
882283
659919
1022746
856128
1186257
387844
243771
32561
119403
899292
261348
525811
496698
1124742
514151
436169
1209300
1188487
1263133
294996
277842
1276025
840784
711344
529876
577117
891995
1187434
504248
331222
121166
1258929
447685
179707
317459
921378
1080794
416883
1067076
130076
270561
229946
31860
449885
585598
407679
216856
236164
965487
808828
1067067
889186
764143
517794
1050150
337392
614594
504923
938642
454658
523487
278281
1166656
179540
1139365
423133
285037
176925
351649
1145755
329417
356512
601129
668817
336653
358916
1288825
342459
1164621
602591
272304
103174
450471
536289
791785
273487
33905
860939
158467
691010
886630
95097
727677
1219393
1102525
952313
761819
1293803
1133413
1210611
1245302
742674
213567
478463
1201418
1062938
485719
149329
664891
586256
342923
433722
51251
1081013
985183
401953
221007
729617
474073
945807
493123
248856
1026151
434784
717432
113949
1128045
1137256
594865
67184
477408
407852
542005
875666
634357
713266
1169031
48873
588492
1033911
1163811
616240
551407
519342
568334
558863
500237
113972
263353
741737
1132315
1037189
335527
1139871
1211119
592517
422793
597647
485450
731557
885883
53697
945111
99480
588498
1218037
753069
676502
954703
672126
449963
685192
799189
898299
1202403
591405
1139488
1210123
544432
483450
406863
309539
445945
753868
234412
1146683
101595
1272083
367169
166415
782623
997210
65619
1137612
357944
850064
766573
927997
707281
173194
1050209
780106
115530
1274910
605349
215886
1179531
1248967
856147
605325
245245
1178896
1013707
1060695
50556
60505
831442
396562
670014
193855
1241357
894255
107400
857085
642458
986859
811516
934210
519143
1116643
462588
625447
1256505
1278743
1209481
621793
75230
739795
427980
873594
1223453
39471
316644
470317
97533
555942
570649
1265098
357216
1102899
1273678
988699
134265
367446
1112987
340459
1216337
470391
1071919
737060
592173
760302
325877
334209
720246
1168532
906768
925848
257444
984346
515275
135134
539044
327812
995207
1054719
199572
496645
1096222
436928
88105
1278550
824546
497114
1225674
1248751
357150
1244824
251132
432325
1082593
1026458
682143
655591
378732
1279211
348777
1025972
52123
1264677
1008017
314501
855468
746226
1262317
1054785
53176
649215
378363
957497
572376
447319
1153795
893331
1219433
1224825
891995
529729
1118831
311478
942559
1014057
827057
679745
203291
1032312
339787
1039126
1127001
406815
1284420
672590
381078
1059197
165782
590639
58173
497283
897658
447717
486061
159949
1290092
554780
591738
733381
1007473
933598
363645
745439
62015
679162
80622
694914
261785
718092
276268
117322
937864
59900
84883
450370
422706
523286
220542
937741
200809
578843
425588
1276947
955003
621109
1070545
502760
848278
785338
1084069
1004666
376065
774384
1119764
1178778
797455
435376
1219764
1162516
483206
1269381
474819
150157
1287750
393302
739224
1109955
173160
771832
184850
1048541
661103
169361
858278
793079
1131124
1157079
148015
554989
539170
285103
765979
434439
1096029
891774
812358
301536
1027520
326177
891166
258181
972883
1028616
515841
379630
1234586
821688
639335
163982
939880
1145876
462070
1014596
189334
279084
862359
260682
901122
255617
1017488
448514
230652
219973
475908
850549
1275232
864901
43895
977073
1156719
471270
1097094
559886
1182490
511234
1171165
492391
669372
880812
1233711
169492
992459
94194
588704
59554
1240852
115462
374148
842384
504851
993735
259675
236687
1222153
471477
847636
527174
399493
1237497
520192
141650
895589
1261702
1197403
79822
347380
45258
931180
742254
392657
879285
134099
1038482
319367
746868
432761
392516
633744
303746
260832
1008291
1207664
1098237
835820
398598
765491
967805
70047
1017967
363896
1082423
438907
1127165
1084356
706778
45691
1278209
1287789
248940
75849
641271
301508
517396
1060772
770176
748541
612144
1127938
1107310
483318
200236
383438
1045620
143171
971634
378958
477522
821265
143375
450763
919972
193341
113195
303346
1182983
73459
37699
76090
217349
568411
1057259
497562
400041
482713
821040
99320
202394
159431
419260
1042924
1004627
88253
884265
930511
1213644
1177282
735885
510999
41057
243896
699012
759615
1062578
987638
338453
187526
934826
1196247
768461
703404
1123692
1218000
467172
1023763
929766
547091
123277
276279
942982
1131834
772105
893347
290394
228984
1154245
132134
661019
1040123
817548
418324
881109
988713
230883
217515
965491
569746
1222989
775016
648839
1092639
419138
199965
716647
1119087
470844
876646
1198774
952207
754268
874734
706215
559213
1086653
1084709
471343
853648
1176793
676828
60382
545321
528797
111245
897946
1029443
854181
1279939
723907
722481
653680
312737
1092927
1208676
1160992
1031934
1139103
59668
610676
745656
1167730
202278
587307
218329
351009
1004032
309235
364473
322673
714729
623402
286398
667080
708917
667459
641988
478017
945578
803382
1155158
1078378
846613
804589
1034849
306759
1240955
915478
636221
274712
939370
872748
164244
193012
688017
461282
305487
402572
477570
1100552
536467
1042712
502614
436699
852143
921242
882144
1095309
690219
115629
552526
123343
73179
1203825
1139182
178059
108987
99692
215406
1097044
808814
770988
729098
1180100
383548
40311
294305
922925
1046137
1039566
1120225
912686
1017027
387923
96371
743828
1288798
992034
129504
977341
141673
808596
877293
948935
263775
467588
1171243
1107789
263232
44965
132499
494387
1175689
83100
507557
718130
708808
788986
745416
221789
812368
190576
681962
413812
107162
1162958
493390
299633
889610
1231349
1186367
826907
335845
425574
251086
373544
924994
446630
894087
1287481
597170
937683
1265044
1105063
373368
317386
912999
826131
282063
1082514
95906
410900
825720
226744
539326
553527
516680
366702
245818
1231093
809381
509450
636843
736395
228942
1171723
915479
678082
58602
967249
1156427
497340
723686
615599
110449
1026386
97952
717734
514003
1194854
1086265
1165583
651650
554031
970563
666751
1240435
516520
491927
1105757
260419
373083
154932
154186
1148161
1243556
832011
627572
855513
806899
356227
1270473
1180476
208745
70724
551076
1151265
444250
89665
1061686
1185498
812173
840905
937048
985895
754743
273904
1062742
226961
298601
1065730
1001750
690663
1196038
312894
680422
821829
1037071
1138006
764475
44390
124206
538496
1197787
452913
644162
882037
518235
136450
1153668
977815
47237
899673
928687
875567
576051
543935
1000107
65200
800355
245623
926725
1149408
649983
1250933
1020377
867304
86300
879341
542113
664459
797389
1194685
1021317
376637
146666
680399
45459
1209851
309323
220941
831577
123674
1043489
966059
423596
349130
823788
514558
578123
988897
1019458
232967
1115725
371998
354093
1016227
533046
296701
406456
1278373
987104
488813
1224036
929820
1120479
497286
246023
516487
287457
886097
339971
1072032
1249418
969425
1225899
208879
722472
580378
230182
780098
1287884
1162835
607470
523575
811210
236339
49869
72453
549087
998437
415979
127859
548508
827375
415309
157726
839535
101490
649920
1254833
817915
252294
677799
639480
109492
233065
1039531
613348
575302
414687
292515
1105433
887342
713311
612750
339383
112652
146261
733343
652223
1056843
269194
350675
737266
600520
1093025
468343
614564
377075
419315
955118
1131626
388851
739514
405998
511143
769791
215466
856896
386865
122302
997776
1032861
681465
405775
1194051
329256
234821
883073
766091
841736
262751
560361
802093
888944
1226913
857137
130471
178673
1171028
980602
382340
464716
1298664
203869
482876
578301
544050
638038
135344
837482
73919
164126
931839
833571
813636
687994
1221813
1096923
1286760
1110871
202120
664769
771869
861743
576518
481474
486405
456950
288290
908968
1106352
363008
571764
313677
141515
849408
286552
630672
274720
434420
52481
292320
109385
559848
750699
241354
356655
279322
1142015
63099
350269
1237824
93784
967081
1249845
1012215
554312
472348
1016290
552277
62430
281192
1133150
198152
1094605
258476
98119
1031577
461132
94600
1173604
1013537
1246678
815888
1177479
179339
229292
1139404
78614
1064071
100986
160136
1197252
837923
628760
134708
507348
1129434
960223
1174697
831513
757312
82805
248831
224076
1150628
857257
1220809
722683
433001
1133233
1299070
35944
911113
399080
649345
435397
799293
585883
872669
953272
268908
438018
713813
659117
1037810
1268206
508552
1081191
463536
1235874
607105
820499
1212156
600920
1068846
386734
440914
97366
433046
880225
1005465
393779
952174
1047423
147771
461214
1172861
174381
205810
310990
388369
605419
555812
938176
369873
1289957
92186
1209625
416454
144246
1255280
170834
782620
197551
656276
148837
1291939
764951
282348
326956
750123
187953
248221
1174611
51197
765993
771471
1268331
819265
261751
846722
139253
502037
810723
1047749
297082
141622
479854
309081
479860
773799
560975
492924
587633
1116990
495220
771560
939187
199961
1046348
419781
1183888
340797
1137505
1054269
195498
748643
1234162
743526
842638
551132
781881
283959
1245214
183138
272555
93923
436247
291279
266939
157916
1205937
98804
1121694
73172
1114312
872978
630206
536966
1114341
880107
847811
181994
868483
141847
568142
100558
439279
698452
44197
1022651
130637
958771
856642
880215
108744
343420
817228
1262116
1068405
488695
515241
1097220
1279731
638507
521799
749322
910050
594122
106415
750804
879010
242093
133545
529518
102604
883178
342549
727690
932169
198406
863121
346915
1090551
1113806
1050641
1109563
294185
1069594
224239
1068189
375362
1159700
707587
1295345
158743
935104
1103865
198693
595073
226748
132411
576366
511373
821940
691037
74677
695861
95857
545989
641584
1199593
374673
80860
761786
1159508
737802
1251583
494122
138926
1290501
185150
164645
76067
667894
1262123
524972
606574
383402
643168
63792
101240
431003
741671
885396
878268
337204
1195687
552690
102312
155623
671526
345289
543064
758182
532303
493897
825175
52346
651957
486847
864150
162304
281180
956791
926976
1129996
499752
664531
803411
1130386
355445
866885
699085
1196424
467024
1070996
468696
878369
249001
91081
816251
1106721
542964
136028
173015
565752
1166432
375032
133231
1233967
297573
936224
968513
410552
563327
1127501
990460
822449
817592
159055
792526
551961
382416
591561
223576
276757
430286
860113
577049
843657
1241764
92332
342403
975336
245804
404559
162671
1208704
561096
893586
716674
1163098
1299390
645361
54209
602231
273820
963953
984206
1270061
830948
384481
1132436
1039651
245631
854660
750040
396720
649986
675465
441165
1216511
1236842
480488
1261295
529662
1242004
923899
1093533
459927
37260
1152751
621623
1055288
532186
780813
894220
452500
1221415
808613
741927
133518
1147614
98984
1173331
732738
307865
1278465
1019014
736457
1241897
257477
177936
144114
1204588
111213
687071
679134
884495
70578
697992
599072
298883
275747
564743
206675
304787
945795
825431
53395
294307
1146319
655279
313068
662429
1232111
616999
1208162
582836
799549
481466
733834
792229
865006
765482
324446
806144
961909
1178533
120721
727467
780703
801811
1249894
689881
541703
1188902
359732
842792
379001
1137289
53503
772988
1051910
929255
864974
398296
874641
789058
101969
1168777
53978
1182538
776378
189279
794768
1185265
230679
647374
711135
602401
336131
667050
808974
1291564
851598
1130870
1237041
1288915
533293
833062
142166
794356
487432
998539
757445
562705
500231
759624
868208
744893
512433
331844
1280913
1209757
147133
1263823
955002
972517
508020
334611
352008
997854
147822
36895
888380
395849
778424
109485
1065130
301192
108931
1012674
1014959
1276157
292127
1011081
920404
